0.090994 0.080038 0.032841 0.036835 0.034697 0.036765 0.032213 0.077733 0.000000 0.000000 0.004511 0.004492 0.004354 0.004158 0.014057 0.013400
0.080038 0.107941 0.057997 0.053503 0.037698 0.040153 0.035686 0.076955 0.000000 0.000000 0.004713 0.004810 0.004781 0.004656 0.015564 0.015426
0.032841 0.057997 0.073278 0.056069 0.032864 0.034576 0.034450 0.035441 0.000000 0.000000 0.005594 0.005716 0.005722 0.005656 0.018456 0.019187
0.036835 0.053503 0.056069 0.106439 0.080463 0.077235 0.031800 0.037669 0.000000 0.000000 0.004300 0.004395 0.004370 0.004272 0.014239 0.014498
0.034697 0.037698 0.032864 0.080463 0.090994 0.079010 0.029280 0.034593 0.000000 0.000000 0.004356 0.004425 0.004337 0.004172 0.013955 0.013529
0.036765 0.040153 0.034576 0.077235 0.079010 0.107941 0.055996 0.054329 0.000000 0.000000 0.004474 0.004505 0.004402 0.004227 0.015081 0.014548
0.032213 0.035686 0.034450 0.031800 0.029280 0.055996 0.073278 0.057755 0.000000 0.000000 0.005640 0.005621 0.005454 0.005165 0.018990 0.017815
0.077733 0.076955 0.035441 0.037669 0.034593 0.054329 0.057755 0.106439 0.000000 0.000000 0.004423 0.004455 0.004381 0.004186 0.014368 0.014168
0.000000 0.000000 0.000000 0.000000 0.000000 0.000000 0.000000 0.000000 0.000000 0.000000 0.000000 0.000000 0.000000 0.000000 0.000000 0.000000
0.000000 0.000000 0.000000 0.000000 0.000000 0.000000 0.000000 0.000000 0.000000 0.000000 0.000000 0.000000 0.000000 0.000000 0.000000 0.000000
0.004511 0.004713 0.005594 0.004300 0.004356 0.004474 0.005640 0.004423 0.000000 0.000000 0.002989 0.002730 0.002245 0.001779 0.006752 0.005707
0.004492 0.004810 0.005716 0.004395 0.004425 0.004505 0.005621 0.004455 0.000000 0.000000 0.002730 0.003009 0.002687 0.002146 0.006547 0.006030
0.004354 0.004781 0.005722 0.004370 0.004337 0.004402 0.005454 0.004381 0.000000 0.000000 0.002245 0.002687 0.002889 0.002549 0.006198 0.006208
0.004158 0.004656 0.005656 0.004272 0.004172 0.004227 0.005165 0.004186 0.000000 0.000000 0.001779 0.002146 0.002549 0.002741 0.005698 0.006297
0.014057 0.015564 0.018456 0.014239 0.013955 0.015081 0.018990 0.014368 0.000000 0.000000 0.006752 0.006547 0.006198 0.005698 0.053265 0.016512
0.013400 0.015426 0.019187 0.014498 0.013529 0.014548 0.017815 0.014168 0.000000 0.000000 0.005707 0.006030 0.006208 0.006297 0.016512 0.079955
