0.090933 0.080275 0.032987 0.036984 0.034847 0.037973 0.033122 0.078523 0.000000 0.000000 0.004236 0.004315 0.004185 0.004061 0.013945 0.013603
0.080275 0.108966 0.058685 0.054069 0.037741 0.040684 0.035582 0.077075 0.000000 0.000000 0.004371 0.004571 0.004554 0.004550 0.014824 0.015542
0.032987 0.058685 0.072643 0.055851 0.032124 0.033997 0.032833 0.035404 0.000000 0.000000 0.004888 0.005155 0.005238 0.005342 0.016387 0.018316
0.036984 0.054069 0.055851 0.106941 0.080846 0.078207 0.031154 0.038035 0.000000 0.000000 0.003893 0.004047 0.004035 0.004001 0.013260 0.014015
0.034847 0.037741 0.032124 0.080846 0.090933 0.080462 0.029590 0.035007 0.000000 0.000000 0.004093 0.004239 0.004150 0.004002 0.013724 0.013491
0.037973 0.040684 0.033997 0.078207 0.080462 0.108966 0.055936 0.054790 0.000000 0.000000 0.004343 0.004406 0.004243 0.004058 0.015424 0.014174
0.033122 0.035582 0.032833 0.031154 0.029590 0.055936 0.072643 0.058048 0.000000 0.000000 0.005312 0.005314 0.005082 0.004849 0.018678 0.016263
0.078523 0.077075 0.035404 0.038035 0.035007 0.054790 0.058048 0.106941 0.000000 0.000000 0.004268 0.004323 0.004196 0.004075 0.014667 0.013793
0.000000 0.000000 0.000000 0.000000 0.000000 0.000000 0.000000 0.000000 0.000000 0.000000 0.000000 0.000000 0.000000 0.000000 0.000000 0.000000
0.000000 0.000000 0.000000 0.000000 0.000000 0.000000 0.000000 0.000000 0.000000 0.000000 0.000000 0.000000 0.000000 0.000000 0.000000 0.000000
0.004236 0.004371 0.004888 0.003893 0.004093 0.004343 0.005312 0.004268 0.000000 0.000000 0.002688 0.002520 0.002087 0.001710 0.006246 0.005207
0.004315 0.004571 0.005155 0.004047 0.004239 0.004406 0.005314 0.004323 0.000000 0.000000 0.002520 0.002794 0.002505 0.002071 0.006123 0.005626
0.004185 0.004554 0.005238 0.004035 0.004150 0.004243 0.005082 0.004196 0.000000 0.000000 0.002087 0.002505 0.002650 0.002406 0.005747 0.005803
0.004061 0.004550 0.005342 0.004001 0.004002 0.004058 0.004849 0.004075 0.000000 0.000000 0.001710 0.002071 0.002406 0.002640 0.005297 0.005991
0.013945 0.014824 0.016387 0.013260 0.013724 0.015424 0.018678 0.014667 0.000000 0.000000 0.006246 0.006123 0.005747 0.005297 0.051769 0.015027
0.013603 0.015542 0.018316 0.014015 0.013491 0.014174 0.016263 0.013793 0.000000 0.000000 0.005207 0.005626 0.005803 0.005991 0.015027 0.078407
