0.096765 0.084060 0.040063 0.041654 0.039651 0.043414 0.041127 0.083031 0.000000 0.000000 0.007455 0.007348 0.007119 0.006885 0.022671 0.021892
0.084060 0.115465 0.067949 0.060374 0.042444 0.046018 0.043523 0.080961 0.000000 0.000000 0.007592 0.007695 0.007671 0.007576 0.023926 0.024121
0.040063 0.067949 0.085192 0.065282 0.039652 0.041741 0.042488 0.042957 0.000000 0.000000 0.008916 0.009062 0.009138 0.009154 0.028016 0.029275
0.041654 0.060374 0.065282 0.113739 0.084685 0.081841 0.038830 0.043034 0.000000 0.000000 0.007171 0.007241 0.007194 0.007118 0.022563 0.022884
0.039651 0.042444 0.039652 0.084685 0.096765 0.084589 0.037362 0.040143 0.000000 0.000000 0.007387 0.007441 0.007346 0.007149 0.022721 0.021921
0.043414 0.046018 0.041741 0.081841 0.084589 0.115465 0.065151 0.061066 0.000000 0.000000 0.007742 0.007654 0.007449 0.007174 0.024630 0.023290
0.041127 0.043523 0.042488 0.038830 0.037362 0.065151 0.085192 0.067138 0.000000 0.000000 0.009459 0.009257 0.008997 0.008680 0.030352 0.027403
0.083031 0.080961 0.042957 0.043034 0.040143 0.061066 0.067138 0.113739 0.000000 0.000000 0.007614 0.007480 0.007272 0.007033 0.023793 0.022398
0.000000 0.000000 0.000000 0.000000 0.000000 0.000000 0.000000 0.000000 0.000000 0.000000 0.000000 0.000000 0.000000 0.000000 0.000000 0.000000
0.000000 0.000000 0.000000 0.000000 0.000000 0.000000 0.000000 0.000000 0.000000 0.000000 0.000000 0.000000 0.000000 0.000000 0.000000 0.000000
0.007455 0.007592 0.008916 0.007171 0.007387 0.007742 0.009459 0.007614 0.000000 0.000000 0.005273 0.004779 0.003962 0.003265 0.011035 0.009571
0.007348 0.007695 0.009062 0.007241 0.007441 0.007654 0.009257 0.007480 0.000000 0.000000 0.004779 0.005193 0.004687 0.003896 0.010693 0.009980
0.007119 0.007671 0.009138 0.007194 0.007346 0.007449 0.008997 0.007272 0.000000 0.000000 0.003962 0.004687 0.005093 0.004604 0.010135 0.010268
0.006885 0.007576 0.009154 0.007118 0.007149 0.007174 0.008680 0.007033 0.000000 0.000000 0.003265 0.003896 0.004604 0.004963 0.009420 0.010399
0.022671 0.023926 0.028016 0.022563 0.022721 0.024630 0.030352 0.023793 0.000000 0.000000 0.011035 0.010693 0.010135 0.009420 0.060777 0.027996
0.021892 0.024121 0.029275 0.022884 0.021921 0.023290 0.027403 0.022398 0.000000 0.000000 0.009571 0.009980 0.010268 0.010399 0.027996 0.082012
