0.097720 0.085542 0.041480 0.042035 0.040282 0.042396 0.040921 0.083049 0.000000 0.000000 0.008343 0.008440 0.008427 0.008331 0.024129 0.023525
0.085542 0.114123 0.066280 0.058284 0.042627 0.045308 0.043705 0.082481 0.000000 0.000000 0.008490 0.008562 0.008503 0.008359 0.025735 0.024080
0.041480 0.066280 0.083358 0.063931 0.040905 0.042415 0.042694 0.043812 0.000000 0.000000 0.010055 0.010122 0.010061 0.009993 0.030333 0.028550
0.042035 0.058284 0.063931 0.112884 0.085808 0.082648 0.039699 0.043675 0.000000 0.000000 0.007912 0.007999 0.007930 0.007799 0.024536 0.022975
0.040282 0.042627 0.040905 0.085808 0.097720 0.084708 0.037564 0.039854 0.000000 0.000000 0.008009 0.008177 0.008154 0.008045 0.024043 0.023345
0.042396 0.045308 0.042415 0.082648 0.084708 0.114123 0.064104 0.059837 0.000000 0.000000 0.007834 0.008088 0.008134 0.008145 0.023800 0.024690
0.040921 0.043705 0.042694 0.039699 0.037564 0.064104 0.083358 0.066179 0.000000 0.000000 0.009640 0.009876 0.009951 0.009998 0.029063 0.028953
0.083049 0.082481 0.043812 0.043675 0.039854 0.059837 0.066179 0.112884 0.000000 0.000000 0.007867 0.008070 0.008128 0.008187 0.023528 0.024101
0.000000 0.000000 0.000000 0.000000 0.000000 0.000000 0.000000 0.000000 0.000000 0.000000 0.000000 0.000000 0.000000 0.000000 0.000000 0.000000
0.000000 0.000000 0.000000 0.000000 0.000000 0.000000 0.000000 0.000000 0.000000 0.000000 0.000000 0.000000 0.000000 0.000000 0.000000 0.000000
0.008343 0.008490 0.010055 0.007912 0.008009 0.007834 0.009640 0.007867 0.000000 0.000000 0.005953 0.005520 0.004696 0.003976 0.012439 0.010581
0.008440 0.008562 0.010122 0.007999 0.008177 0.008088 0.009876 0.008070 0.000000 0.000000 0.005520 0.006018 0.005536 0.004702 0.012142 0.011182
0.008427 0.008503 0.010061 0.007930 0.008154 0.008134 0.009951 0.008128 0.000000 0.000000 0.004696 0.005536 0.006013 0.005551 0.011660 0.011620
0.008331 0.008359 0.009993 0.007799 0.008045 0.008145 0.009998 0.008187 0.000000 0.000000 0.003976 0.004702 0.005551 0.006085 0.011139 0.011943
0.024129 0.025735 0.030333 0.024536 0.024043 0.023800 0.029063 0.023528 0.000000 0.000000 0.012439 0.012142 0.011660 0.011139 0.062778 0.030037
0.023525 0.024080 0.028550 0.022975 0.023345 0.024690 0.028953 0.024101 0.000000 0.000000 0.010581 0.011182 0.011620 0.011943 0.030037 0.084089
