0.090810 0.080573 0.036986 0.038551 0.036556 0.039567 0.036593 0.079016 0.000000 0.000000 0.005240 0.005196 0.005122 0.004984 0.017511 0.017004
0.080573 0.110231 0.063269 0.056733 0.039635 0.043543 0.040410 0.078895 0.000000 0.000000 0.005544 0.005535 0.005459 0.005317 0.019169 0.018190
0.036986 0.063269 0.078356 0.060729 0.036115 0.039445 0.038502 0.040569 0.000000 0.000000 0.006484 0.006443 0.006391 0.006282 0.022968 0.022068
0.038551 0.056733 0.060729 0.108897 0.080805 0.079047 0.036002 0.041085 0.000000 0.000000 0.005344 0.005293 0.005237 0.005084 0.018909 0.017952
0.036556 0.039635 0.036115 0.080805 0.090810 0.079946 0.033661 0.037734 0.000000 0.000000 0.005292 0.005356 0.005278 0.005120 0.018178 0.017750
0.039567 0.043543 0.039445 0.079047 0.079946 0.110231 0.061029 0.058308 0.000000 0.000000 0.005527 0.005606 0.005613 0.005546 0.019285 0.019810
0.036593 0.040410 0.038502 0.036002 0.033661 0.061029 0.078356 0.063176 0.000000 0.000000 0.006479 0.006525 0.006513 0.006423 0.022481 0.022735
0.079016 0.078895 0.040569 0.041085 0.037734 0.058308 0.063176 0.108897 0.000000 0.000000 0.005351 0.005405 0.005426 0.005390 0.018578 0.018689
0.000000 0.000000 0.000000 0.000000 0.000000 0.000000 0.000000 0.000000 0.000000 0.000000 0.000000 0.000000 0.000000 0.000000 0.000000 0.000000
0.000000 0.000000 0.000000 0.000000 0.000000 0.000000 0.000000 0.000000 0.000000 0.000000 0.000000 0.000000 0.000000 0.000000 0.000000 0.000000
0.005240 0.005544 0.006484 0.005344 0.005292 0.005527 0.006479 0.005351 0.000000 0.000000 0.003380 0.003038 0.002509 0.002033 0.007742 0.006615
0.005196 0.005535 0.006443 0.005293 0.005356 0.005606 0.006525 0.005405 0.000000 0.000000 0.003038 0.003298 0.002990 0.002444 0.007477 0.006928
0.005122 0.005459 0.006391 0.005237 0.005278 0.005613 0.006513 0.005426 0.000000 0.000000 0.002509 0.002990 0.003302 0.002976 0.007079 0.007235
0.004984 0.005317 0.006282 0.005084 0.005120 0.005546 0.006423 0.005390 0.000000 0.000000 0.002033 0.002444 0.002976 0.003223 0.006544 0.007415
0.017511 0.019169 0.022968 0.018909 0.018178 0.019285 0.022481 0.018578 0.000000 0.000000 0.007742 0.007477 0.007079 0.006544 0.057769 0.020374
0.017004 0.018190 0.022068 0.017952 0.017750 0.019810 0.022735 0.018689 0.000000 0.000000 0.006615 0.006928 0.007235 0.007415 0.020374 0.083584
