0.091900 0.081021 0.036387 0.038931 0.037319 0.039580 0.036533 0.079385 0.000000 0.000000 0.005809 0.005787 0.005626 0.005503 0.018226 0.017061
0.081021 0.110154 0.062679 0.056719 0.040131 0.043291 0.039731 0.078271 0.000000 0.000000 0.006245 0.006271 0.006103 0.006029 0.020264 0.018622
0.036387 0.062679 0.078613 0.060441 0.036041 0.038162 0.038077 0.038992 0.000000 0.000000 0.007456 0.007491 0.007342 0.007275 0.024478 0.022327
0.038931 0.056719 0.060441 0.108701 0.080937 0.077970 0.035404 0.040830 0.000000 0.000000 0.005897 0.005933 0.005794 0.005653 0.019517 0.017681
0.037319 0.040131 0.036041 0.080937 0.091900 0.080034 0.033495 0.037658 0.000000 0.000000 0.005775 0.005858 0.005765 0.005631 0.018605 0.017225
0.039580 0.043291 0.038162 0.077970 0.080034 0.110154 0.060426 0.057327 0.000000 0.000000 0.005986 0.006146 0.006167 0.006161 0.019478 0.019106
0.036533 0.039731 0.038077 0.035404 0.033495 0.060426 0.078613 0.061693 0.000000 0.000000 0.007287 0.007445 0.007444 0.007482 0.023321 0.023323
0.079385 0.078271 0.038992 0.040830 0.037658 0.057327 0.061693 0.108701 0.000000 0.000000 0.005731 0.005890 0.005937 0.005964 0.018491 0.018200
0.000000 0.000000 0.000000 0.000000 0.000000 0.000000 0.000000 0.000000 0.000000 0.000000 0.000000 0.000000 0.000000 0.000000 0.000000 0.000000
0.000000 0.000000 0.000000 0.000000 0.000000 0.000000 0.000000 0.000000 0.000000 0.000000 0.000000 0.000000 0.000000 0.000000 0.000000 0.000000
0.005809 0.006245 0.007456 0.005897 0.005775 0.005986 0.007287 0.005731 0.000000 0.000000 0.004145 0.003809 0.003100 0.002533 0.008974 0.007436
0.005787 0.006271 0.007491 0.005933 0.005858 0.006146 0.007445 0.005890 0.000000 0.000000 0.003809 0.004240 0.003790 0.003129 0.008653 0.007930
0.005626 0.006103 0.007342 0.005794 0.005765 0.006167 0.007444 0.005937 0.000000 0.000000 0.003100 0.003790 0.004113 0.003781 0.008126 0.008246
0.005503 0.006029 0.007275 0.005653 0.005631 0.006161 0.007482 0.005964 0.000000 0.000000 0.002533 0.003129 0.003781 0.004247 0.007590 0.008520
0.018226 0.020264 0.024478 0.019517 0.018605 0.019478 0.023321 0.018491 0.000000 0.000000 0.008974 0.008653 0.008126 0.007590 0.059227 0.021214
0.017061 0.018622 0.022327 0.017681 0.017225 0.019106 0.023323 0.018200 0.000000 0.000000 0.007436 0.007930 0.008246 0.008520 0.021214 0.085075
