0.093500 0.082311 0.036865 0.039752 0.037710 0.040229 0.036822 0.080845 0.000000 0.000000 0.005758 0.005788 0.005703 0.005597 0.019027 0.018443
0.082311 0.110673 0.061743 0.056494 0.039917 0.042569 0.038840 0.079036 0.000000 0.000000 0.005691 0.005767 0.005744 0.005693 0.019384 0.018846
0.036865 0.061743 0.077319 0.060217 0.036424 0.037604 0.036682 0.038839 0.000000 0.000000 0.006717 0.006868 0.006915 0.006973 0.022480 0.022935
0.039752 0.056494 0.060217 0.110125 0.082886 0.079597 0.035079 0.041042 0.000000 0.000000 0.005513 0.005615 0.005596 0.005552 0.019183 0.018648
0.037710 0.039917 0.036424 0.082886 0.093500 0.081647 0.033450 0.038093 0.000000 0.000000 0.005611 0.005715 0.005643 0.005556 0.019312 0.018581
0.040229 0.042569 0.037604 0.079597 0.081647 0.110673 0.059758 0.057667 0.000000 0.000000 0.005724 0.005764 0.005645 0.005545 0.019843 0.018802
0.036822 0.038840 0.036682 0.035079 0.033450 0.059758 0.077319 0.062224 0.000000 0.000000 0.006879 0.006862 0.006727 0.006594 0.023803 0.022039
0.080845 0.079036 0.038839 0.041042 0.038093 0.057667 0.062224 0.110125 0.000000 0.000000 0.005671 0.005727 0.005700 0.005667 0.019712 0.018879
0.000000 0.000000 0.000000 0.000000 0.000000 0.000000 0.000000 0.000000 0.000000 0.000000 0.000000 0.000000 0.000000 0.000000 0.000000 0.000000
0.000000 0.000000 0.000000 0.000000 0.000000 0.000000 0.000000 0.000000 0.000000 0.000000 0.000000 0.000000 0.000000 0.000000 0.000000 0.000000
0.005758 0.005691 0.006717 0.005513 0.005611 0.005724 0.006879 0.005671 0.000000 0.000000 0.003578 0.003299 0.002819 0.002447 0.008467 0.007318
0.005788 0.005767 0.006868 0.005615 0.005715 0.005764 0.006862 0.005727 0.000000 0.000000 0.003299 0.003565 0.003252 0.002836 0.008196 0.007687
0.005703 0.005744 0.006915 0.005596 0.005643 0.005645 0.006727 0.005700 0.000000 0.000000 0.002819 0.003252 0.003497 0.003260 0.007809 0.007869
0.005597 0.005693 0.006973 0.005552 0.005556 0.005545 0.006594 0.005667 0.000000 0.000000 0.002447 0.002836 0.003260 0.003526 0.007395 0.008042
0.019027 0.019384 0.022480 0.019183 0.019312 0.019843 0.023803 0.019712 0.000000 0.000000 0.008467 0.008196 0.007809 0.007395 0.054488 0.022742
0.018443 0.018846 0.022935 0.018648 0.018581 0.018802 0.022039 0.018879 0.000000 0.000000 0.007318 0.007687 0.007869 0.008042 0.022742 0.076562
