0.097470 0.085628 0.041307 0.042417 0.040677 0.043910 0.042002 0.084225 0.000000 0.000000 0.007439 0.007710 0.007697 0.007555 0.024197 0.023787
0.085628 0.115051 0.067246 0.060192 0.043141 0.046833 0.044704 0.082920 0.000000 0.000000 0.007997 0.008115 0.008004 0.007813 0.026148 0.024982
0.041307 0.067246 0.084191 0.064447 0.040057 0.042502 0.043942 0.043686 0.000000 0.000000 0.009518 0.009590 0.009481 0.009272 0.031489 0.029805
0.042417 0.060192 0.064447 0.113389 0.085982 0.083309 0.039059 0.043419 0.000000 0.000000 0.007347 0.007467 0.007358 0.007128 0.025034 0.023367
0.040677 0.043141 0.040057 0.085982 0.097470 0.085637 0.037399 0.040507 0.000000 0.000000 0.007285 0.007521 0.007474 0.007264 0.023930 0.023114
0.043910 0.046833 0.042502 0.083309 0.085637 0.115051 0.064351 0.061005 0.000000 0.000000 0.007306 0.007639 0.007694 0.007660 0.024477 0.025715
0.042002 0.044704 0.043942 0.039059 0.037399 0.064351 0.084191 0.067131 0.000000 0.000000 0.009048 0.009381 0.009481 0.009496 0.030043 0.031347
0.084225 0.082920 0.043686 0.043419 0.040507 0.061005 0.067131 0.113389 0.000000 0.000000 0.007291 0.007611 0.007719 0.007751 0.024068 0.025679
0.000000 0.000000 0.000000 0.000000 0.000000 0.000000 0.000000 0.000000 0.000000 0.000000 0.000000 0.000000 0.000000 0.000000 0.000000 0.000000
0.000000 0.000000 0.000000 0.000000 0.000000 0.000000 0.000000 0.000000 0.000000 0.000000 0.000000 0.000000 0.000000 0.000000 0.000000 0.000000
0.007439 0.007997 0.009518 0.007347 0.007285 0.007306 0.009048 0.007291 0.000000 0.000000 0.004859 0.004624 0.003969 0.003405 0.011179 0.009814
0.007710 0.008115 0.009590 0.007467 0.007521 0.007639 0.009381 0.007611 0.000000 0.000000 0.004624 0.005138 0.004703 0.004041 0.010998 0.010381
0.007697 0.008004 0.009481 0.007358 0.007474 0.007694 0.009481 0.007719 0.000000 0.000000 0.003969 0.004703 0.005090 0.004689 0.010603 0.010709
0.007555 0.007813 0.009272 0.007128 0.007264 0.007660 0.009496 0.007751 0.000000 0.000000 0.003405 0.004041 0.004689 0.005059 0.010019 0.010919
0.024197 0.026148 0.031489 0.025034 0.023930 0.024477 0.030043 0.024068 0.000000 0.000000 0.011179 0.010998 0.010603 0.010019 0.062907 0.030412
0.023787 0.024982 0.029805 0.023367 0.023114 0.025715 0.031347 0.025679 0.000000 0.000000 0.009814 0.010381 0.010709 0.010919 0.030412 0.084238
