0.092303 0.081178 0.035559 0.038342 0.036246 0.039399 0.036397 0.080331 0.000000 0.000000 0.004997 0.004994 0.004919 0.004865 0.016986 0.015983
0.081178 0.110307 0.061952 0.056663 0.039306 0.043270 0.039919 0.079675 0.000000 0.000000 0.005225 0.005306 0.005346 0.005361 0.019041 0.018059
0.035559 0.061952 0.077799 0.060909 0.035991 0.039166 0.038388 0.039359 0.000000 0.000000 0.006081 0.006227 0.006309 0.006434 0.022700 0.022246
0.038342 0.056663 0.060909 0.109296 0.081558 0.079610 0.036398 0.041173 0.000000 0.000000 0.004958 0.005042 0.005084 0.005165 0.018526 0.017819
0.036246 0.039306 0.035991 0.081558 0.092303 0.081023 0.033663 0.037391 0.000000 0.000000 0.005030 0.005096 0.005101 0.005105 0.017551 0.016628
0.039399 0.043270 0.039166 0.079610 0.081023 0.110307 0.060544 0.057377 0.000000 0.000000 0.005366 0.005405 0.005365 0.005401 0.019847 0.018638
0.036397 0.039919 0.038388 0.036398 0.033663 0.060544 0.077799 0.061852 0.000000 0.000000 0.006452 0.006474 0.006378 0.006382 0.023938 0.021921
0.080331 0.079675 0.039359 0.041173 0.037391 0.057377 0.061852 0.109296 0.000000 0.000000 0.005245 0.005286 0.005201 0.005166 0.018920 0.017656
0.000000 0.000000 0.000000 0.000000 0.000000 0.000000 0.000000 0.000000 0.000000 0.000000 0.000000 0.000000 0.000000 0.000000 0.000000 0.000000
0.000000 0.000000 0.000000 0.000000 0.000000 0.000000 0.000000 0.000000 0.000000 0.000000 0.000000 0.000000 0.000000 0.000000 0.000000 0.000000
0.004997 0.005225 0.006081 0.004958 0.005030 0.005366 0.006452 0.005245 0.000000 0.000000 0.003096 0.002838 0.002349 0.001978 0.007476 0.006270
0.004994 0.005306 0.006227 0.005042 0.005096 0.005405 0.006474 0.005286 0.000000 0.000000 0.002838 0.003107 0.002793 0.002347 0.007291 0.006609
0.004919 0.005346 0.006309 0.005084 0.005101 0.005365 0.006378 0.005201 0.000000 0.000000 0.002349 0.002793 0.003057 0.002806 0.006979 0.006872
0.004865 0.005361 0.006434 0.005165 0.005105 0.005401 0.006382 0.005166 0.000000 0.000000 0.001978 0.002347 0.002806 0.003090 0.006695 0.007163
0.016986 0.019041 0.022700 0.018526 0.017551 0.019847 0.023938 0.018920 0.000000 0.000000 0.007476 0.007291 0.006979 0.006695 0.052668 0.020838
0.015983 0.018059 0.022246 0.017819 0.016628 0.018638 0.021921 0.017656 0.000000 0.000000 0.006270 0.006609 0.006872 0.007163 0.020838 0.074884
