0.093437 0.082112 0.039850 0.040911 0.038554 0.041978 0.039851 0.080758 0.000000 0.000000 0.006134 0.006158 0.006112 0.005912 0.020291 0.019774
0.082112 0.112332 0.066302 0.059060 0.041556 0.045638 0.043468 0.080114 0.000000 0.000000 0.006463 0.006441 0.006364 0.006208 0.022484 0.021209
0.039850 0.066302 0.081849 0.063693 0.038678 0.041804 0.041348 0.043034 0.000000 0.000000 0.007456 0.007438 0.007314 0.007116 0.026693 0.024419
0.040911 0.059060 0.063693 0.111215 0.083244 0.080919 0.038238 0.042781 0.000000 0.000000 0.006098 0.006109 0.006000 0.005798 0.022015 0.019980
0.038554 0.041556 0.038678 0.083244 0.093437 0.082351 0.035949 0.039302 0.000000 0.000000 0.005907 0.006020 0.006018 0.005888 0.020421 0.019813
0.041978 0.045638 0.041804 0.080919 0.082351 0.112332 0.063378 0.060093 0.000000 0.000000 0.006279 0.006360 0.006364 0.006258 0.021701 0.022215
0.039851 0.043468 0.041348 0.038238 0.035949 0.063378 0.081849 0.066301 0.000000 0.000000 0.007416 0.007527 0.007596 0.007572 0.025759 0.026312
0.080758 0.080114 0.043034 0.042781 0.039302 0.060093 0.066301 0.111215 0.000000 0.000000 0.006223 0.006327 0.006393 0.006389 0.021126 0.021972
0.000000 0.000000 0.000000 0.000000 0.000000 0.000000 0.000000 0.000000 0.000000 0.000000 0.000000 0.000000 0.000000 0.000000 0.000000 0.000000
0.000000 0.000000 0.000000 0.000000 0.000000 0.000000 0.000000 0.000000 0.000000 0.000000 0.000000 0.000000 0.000000 0.000000 0.000000 0.000000
0.006134 0.006463 0.007456 0.006098 0.005907 0.006279 0.007416 0.006223 0.000000 0.000000 0.003912 0.003606 0.002977 0.002409 0.009006 0.007440
0.006158 0.006441 0.007438 0.006109 0.006020 0.006360 0.007527 0.006327 0.000000 0.000000 0.003606 0.003928 0.003550 0.002894 0.008639 0.007808
0.006112 0.006364 0.007314 0.006000 0.006018 0.006364 0.007596 0.006393 0.000000 0.000000 0.002977 0.003550 0.003877 0.003486 0.008233 0.008129
0.005912 0.006208 0.007116 0.005798 0.005888 0.006258 0.007572 0.006389 0.000000 0.000000 0.002409 0.002894 0.003486 0.003826 0.007708 0.008283
0.020291 0.022484 0.026693 0.022015 0.020421 0.021701 0.025759 0.021126 0.000000 0.000000 0.009006 0.008639 0.008233 0.007708 0.068348 0.022138
0.019774 0.021209 0.024419 0.019980 0.019813 0.022215 0.026312 0.021972 0.000000 0.000000 0.007440 0.007808 0.008129 0.008283 0.022138 0.099301
