0.109532 0.094296 0.056680 0.052311 0.050610 0.053193 0.056108 0.092523 0.000000 0.000000 0.012689 0.012671 0.012597 0.012209 0.042269 0.040479
0.094296 0.129714 0.086383 0.071156 0.053310 0.058828 0.062464 0.092635 0.000000 0.000000 0.013569 0.013460 0.013342 0.012925 0.047061 0.043615
0.056680 0.086383 0.110642 0.084454 0.057047 0.062175 0.066390 0.062313 0.000000 0.000000 0.016417 0.016275 0.016152 0.015639 0.057894 0.052487
0.052311 0.071156 0.084454 0.127600 0.094954 0.093224 0.057948 0.056123 0.000000 0.000000 0.013171 0.013117 0.013035 0.012618 0.046716 0.043122
0.050610 0.053310 0.057047 0.094954 0.109532 0.093963 0.054098 0.052205 0.000000 0.000000 0.012779 0.012928 0.012947 0.012585 0.043693 0.041776
0.053193 0.058828 0.062175 0.093224 0.093963 0.129714 0.085325 0.073013 0.000000 0.000000 0.013096 0.013452 0.013776 0.013694 0.046078 0.048252
0.056108 0.062464 0.066390 0.057948 0.054098 0.085325 0.110642 0.086019 0.000000 0.000000 0.015607 0.016107 0.016566 0.016655 0.054220 0.057220
0.092523 0.092635 0.062313 0.056123 0.052205 0.073013 0.086019 0.127600 0.000000 0.000000 0.012917 0.013336 0.013588 0.013571 0.044512 0.045895
0.000000 0.000000 0.000000 0.000000 0.000000 0.000000 0.000000 0.000000 0.000000 0.000000 0.000000 0.000000 0.000000 0.000000 0.000000 0.000000
0.000000 0.000000 0.000000 0.000000 0.000000 0.000000 0.000000 0.000000 0.000000 0.000000 0.000000 0.000000 0.000000 0.000000 0.000000 0.000000
0.012689 0.013569 0.016417 0.013171 0.012779 0.013096 0.015607 0.012917 0.000000 0.000000 0.008733 0.007893 0.006738 0.005667 0.019984 0.017523
0.012671 0.013460 0.016275 0.013117 0.012928 0.013452 0.016107 0.013336 0.000000 0.000000 0.007893 0.008678 0.007993 0.006708 0.019556 0.018295
0.012597 0.013342 0.016152 0.013035 0.012947 0.013776 0.016566 0.013588 0.000000 0.000000 0.006738 0.007993 0.008851 0.007948 0.019038 0.018968
0.012209 0.012925 0.015639 0.012618 0.012585 0.013694 0.016655 0.013571 0.000000 0.000000 0.005667 0.006708 0.007948 0.008628 0.017949 0.019279
0.042269 0.047061 0.057894 0.046716 0.043693 0.046078 0.054220 0.044512 0.000000 0.000000 0.019984 0.019556 0.019038 0.017949 0.097523 0.057332
0.040479 0.043615 0.052487 0.043122 0.041776 0.048252 0.057220 0.045895 0.000000 0.000000 0.017523 0.018295 0.018968 0.019279 0.057332 0.118019
