0.106779 0.092071 0.054119 0.051262 0.047414 0.051328 0.053061 0.090754 0.000000 0.000000 0.011307 0.011382 0.011237 0.010938 0.038905 0.037136
0.092071 0.130567 0.087614 0.071645 0.051176 0.058580 0.062583 0.092703 0.000000 0.000000 0.013109 0.013032 0.012666 0.012277 0.047909 0.042026
0.054119 0.087614 0.114117 0.085594 0.053544 0.061392 0.067667 0.063166 0.000000 0.000000 0.016089 0.015931 0.015444 0.014857 0.059998 0.051496
0.051262 0.071645 0.085594 0.129827 0.093133 0.093267 0.057896 0.057334 0.000000 0.000000 0.012595 0.012598 0.012261 0.011923 0.047261 0.041735
0.047414 0.051176 0.053544 0.093133 0.106779 0.091307 0.050716 0.050327 0.000000 0.000000 0.011348 0.011658 0.011541 0.011271 0.040062 0.037689
0.051328 0.058580 0.061392 0.093267 0.091307 0.130567 0.085977 0.073979 0.000000 0.000000 0.012309 0.012812 0.013026 0.013106 0.044465 0.047817
0.053061 0.062583 0.067667 0.057896 0.050716 0.085977 0.114117 0.087709 0.000000 0.000000 0.014912 0.015576 0.016016 0.016378 0.053652 0.058244
0.090754 0.092703 0.063166 0.057334 0.050327 0.073979 0.087709 0.129827 0.000000 0.000000 0.012304 0.012799 0.013056 0.013231 0.044201 0.046120
0.000000 0.000000 0.000000 0.000000 0.000000 0.000000 0.000000 0.000000 0.000000 0.000000 0.000000 0.000000 0.000000 0.000000 0.000000 0.000000
0.000000 0.000000 0.000000 0.000000 0.000000 0.000000 0.000000 0.000000 0.000000 0.000000 0.000000 0.000000 0.000000 0.000000 0.000000 0.000000
0.011307 0.013109 0.016089 0.012595 0.011348 0.012309 0.014912 0.012304 0.000000 0.000000 0.007754 0.007249 0.006134 0.005128 0.018881 0.016241
0.011382 0.013032 0.015931 0.012598 0.011658 0.012812 0.015576 0.012799 0.000000 0.000000 0.007249 0.008033 0.007288 0.006079 0.018505 0.017170
0.011237 0.012666 0.015444 0.012261 0.011541 0.013026 0.016016 0.013056 0.000000 0.000000 0.006134 0.007288 0.007864 0.007082 0.017742 0.017701
0.010938 0.012277 0.014857 0.011923 0.011271 0.013106 0.016378 0.013231 0.000000 0.000000 0.005128 0.006079 0.007082 0.007721 0.016777 0.018207
0.038905 0.047909 0.059998 0.047261 0.040062 0.044465 0.053652 0.044201 0.000000 0.000000 0.018881 0.018505 0.017742 0.016777 0.096424 0.055109
0.037136 0.042026 0.051496 0.041735 0.037689 0.047817 0.058244 0.046120 0.000000 0.000000 0.016241 0.017170 0.017701 0.018207 0.055109 0.117067
