0.092847 0.081873 0.035955 0.038783 0.035836 0.039362 0.035587 0.079807 0.000000 0.000000 0.004778 0.004770 0.004712 0.004582 0.016439 0.015789
0.081873 0.112141 0.062701 0.056559 0.039586 0.043423 0.039587 0.079240 0.000000 0.000000 0.005216 0.005337 0.005438 0.005404 0.018606 0.018929
0.035955 0.062701 0.078609 0.060055 0.035112 0.037634 0.037120 0.039729 0.000000 0.000000 0.005860 0.006065 0.006311 0.006402 0.021283 0.022844
0.038783 0.056559 0.060055 0.110141 0.082448 0.080289 0.035068 0.041155 0.000000 0.000000 0.004693 0.004807 0.004857 0.004803 0.017242 0.017484
0.035836 0.039586 0.035112 0.082448 0.092847 0.081636 0.032272 0.036771 0.000000 0.000000 0.004622 0.004718 0.004709 0.004627 0.016183 0.015616
0.039362 0.043423 0.037634 0.080289 0.081636 0.112141 0.060259 0.057640 0.000000 0.000000 0.005090 0.005082 0.004988 0.004806 0.018914 0.017294
0.035587 0.039587 0.037120 0.035068 0.032272 0.060259 0.078609 0.062461 0.000000 0.000000 0.006345 0.006253 0.006127 0.005936 0.023509 0.020596
0.079807 0.079240 0.039729 0.041155 0.036771 0.057640 0.062461 0.110141 0.000000 0.000000 0.005149 0.005115 0.005061 0.004934 0.018380 0.017404
0.000000 0.000000 0.000000 0.000000 0.000000 0.000000 0.000000 0.000000 0.000000 0.000000 0.000000 0.000000 0.000000 0.000000 0.000000 0.000000
0.000000 0.000000 0.000000 0.000000 0.000000 0.000000 0.000000 0.000000 0.000000 0.000000 0.000000 0.000000 0.000000 0.000000 0.000000 0.000000
0.004778 0.005216 0.005860 0.004693 0.004622 0.005090 0.006345 0.005149 0.000000 0.000000 0.003130 0.002860 0.002337 0.001852 0.007461 0.006194
0.004770 0.005337 0.006065 0.004807 0.004718 0.005082 0.006253 0.005115 0.000000 0.000000 0.002860 0.003143 0.002861 0.002322 0.007110 0.006542
0.004712 0.005438 0.006311 0.004857 0.004709 0.004988 0.006127 0.005061 0.000000 0.000000 0.002337 0.002861 0.003223 0.002903 0.006765 0.006938
0.004582 0.005404 0.006402 0.004803 0.004627 0.004806 0.005936 0.004934 0.000000 0.000000 0.001852 0.002322 0.002903 0.003170 0.006321 0.007162
0.016439 0.018606 0.021283 0.017242 0.016183 0.018914 0.023509 0.018380 0.000000 0.000000 0.007461 0.007110 0.006765 0.006321 0.057735 0.019662
0.015789 0.018929 0.022844 0.017484 0.015616 0.017294 0.020596 0.017404 0.000000 0.000000 0.006194 0.006542 0.006938 0.007162 0.019662 0.083995
