0.091239 0.079954 0.032958 0.037014 0.035223 0.037969 0.033436 0.078820 0.000000 0.000000 0.004884 0.004812 0.004708 0.004568 0.014782 0.014411
0.079954 0.107896 0.057649 0.053692 0.038631 0.041759 0.036516 0.078108 0.000000 0.000000 0.005030 0.005110 0.005092 0.005033 0.015912 0.016285
0.032958 0.057649 0.071858 0.056444 0.033837 0.035898 0.033935 0.036350 0.000000 0.000000 0.005701 0.005882 0.005955 0.006000 0.018038 0.019814
0.037014 0.053692 0.056444 0.107082 0.080827 0.078351 0.033298 0.039362 0.000000 0.000000 0.004767 0.004886 0.004872 0.004775 0.015369 0.016375
0.035223 0.038631 0.033837 0.080827 0.091239 0.080039 0.030992 0.035811 0.000000 0.000000 0.004968 0.005064 0.005020 0.004888 0.015827 0.015791
0.037969 0.041759 0.035898 0.078351 0.080039 0.107896 0.055747 0.054442 0.000000 0.000000 0.005036 0.005099 0.005032 0.004871 0.016497 0.016205
0.033436 0.036516 0.033935 0.033298 0.030992 0.055747 0.071858 0.057205 0.000000 0.000000 0.005917 0.005886 0.005749 0.005540 0.019253 0.017913
0.078820 0.078108 0.036350 0.039362 0.035811 0.054442 0.057205 0.107082 0.000000 0.000000 0.004713 0.004733 0.004668 0.004551 0.014916 0.014914
0.000000 0.000000 0.000000 0.000000 0.000000 0.000000 0.000000 0.000000 0.000000 0.000000 0.000000 0.000000 0.000000 0.000000 0.000000 0.000000
0.000000 0.000000 0.000000 0.000000 0.000000 0.000000 0.000000 0.000000 0.000000 0.000000 0.000000 0.000000 0.000000 0.000000 0.000000 0.000000
0.004884 0.005030 0.005701 0.004767 0.004968 0.005036 0.005917 0.004713 0.000000 0.000000 0.003343 0.003062 0.002574 0.002117 0.007502 0.006467
0.004812 0.005110 0.005882 0.004886 0.005064 0.005099 0.005886 0.004733 0.000000 0.000000 0.003062 0.003370 0.003080 0.002547 0.007213 0.006806
0.004708 0.005092 0.005955 0.004872 0.005020 0.005032 0.005749 0.004668 0.000000 0.000000 0.002574 0.003080 0.003292 0.002958 0.006803 0.007034
0.004568 0.005033 0.006000 0.004775 0.004888 0.004871 0.005540 0.004551 0.000000 0.000000 0.002117 0.002547 0.002958 0.003233 0.006286 0.007164
0.014782 0.015912 0.018038 0.015369 0.015827 0.016497 0.019253 0.014916 0.000000 0.000000 0.007502 0.007213 0.006803 0.006286 0.050426 0.018659
0.014411 0.016285 0.019814 0.016375 0.015791 0.016205 0.017913 0.014914 0.000000 0.000000 0.006467 0.006806 0.007034 0.007164 0.018659 0.072609
