0.107461 0.092722 0.055650 0.051864 0.049187 0.052889 0.054493 0.090462 0.000000 0.000000 0.011454 0.011509 0.011369 0.011066 0.039102 0.036889
0.092722 0.129080 0.086160 0.070723 0.052020 0.058144 0.060181 0.090205 0.000000 0.000000 0.012243 0.012258 0.012106 0.011718 0.043774 0.038915
0.055650 0.086160 0.110656 0.083043 0.054377 0.059086 0.063217 0.058895 0.000000 0.000000 0.014810 0.014649 0.014391 0.013954 0.053875 0.046618
0.051864 0.070723 0.083043 0.126546 0.092963 0.090595 0.054435 0.053822 0.000000 0.000000 0.011604 0.011538 0.011353 0.010937 0.042602 0.037086
0.049187 0.052020 0.054377 0.092963 0.107461 0.091773 0.050835 0.049931 0.000000 0.000000 0.011109 0.011390 0.011442 0.011203 0.038817 0.036922
0.052889 0.058144 0.059086 0.090595 0.091773 0.129080 0.083947 0.072714 0.000000 0.000000 0.011362 0.011783 0.012051 0.012043 0.041009 0.042484
0.054493 0.060181 0.063217 0.054435 0.050835 0.083947 0.110656 0.085286 0.000000 0.000000 0.013884 0.014445 0.014873 0.015008 0.049228 0.051714
0.090462 0.090205 0.058895 0.053822 0.049931 0.072714 0.085286 0.126546 0.000000 0.000000 0.011289 0.011752 0.012056 0.012114 0.039617 0.041077
0.000000 0.000000 0.000000 0.000000 0.000000 0.000000 0.000000 0.000000 0.000000 0.000000 0.000000 0.000000 0.000000 0.000000 0.000000 0.000000
0.000000 0.000000 0.000000 0.000000 0.000000 0.000000 0.000000 0.000000 0.000000 0.000000 0.000000 0.000000 0.000000 0.000000 0.000000 0.000000
0.011454 0.012243 0.014810 0.011604 0.011109 0.011362 0.013884 0.011289 0.000000 0.000000 0.007034 0.006559 0.005636 0.004725 0.017299 0.014483
0.011509 0.012258 0.014649 0.011538 0.011390 0.011783 0.014445 0.011752 0.000000 0.000000 0.006559 0.007240 0.006701 0.005627 0.016832 0.015317
0.011369 0.012106 0.014391 0.011353 0.011442 0.012051 0.014873 0.012056 0.000000 0.000000 0.005636 0.006701 0.007312 0.006599 0.016188 0.015987
0.011066 0.011718 0.013954 0.010937 0.011203 0.012043 0.015008 0.012114 0.000000 0.000000 0.004725 0.005627 0.006599 0.007033 0.015278 0.016287
0.039102 0.043774 0.053875 0.042602 0.038817 0.041009 0.049228 0.039617 0.000000 0.000000 0.017299 0.016832 0.016188 0.015278 0.096366 0.047503
0.036889 0.038915 0.046618 0.037086 0.036922 0.042484 0.051714 0.041077 0.000000 0.000000 0.014483 0.015317 0.015987 0.016287 0.047503 0.122298
